2
2
5
4
10
6
17
8
26
10
37
12
50
14
65
16
82
18
101
20
122
22
145
24
170
26
197
28
226
30
257
32
290
34
325
36
362
38
401
40
442
42
485
44
530
46
577
48
626
50
677
52
730
54
785
56
842
58
901
60
962
62
1025
64
1090
66
1157
68
1226
70
1297
72
1370
74
1445
76
1522
78
1601
80
1682
82
1765
84
1850
86
1937
88
2026
90
2117
92
2210
94
2305
96
2402
98
2501
100
2602
102
2705
104
2810
106
2917
108
3026
110
3137
112
3250
114
3365
116
3482
118
3601
120
3722
122
3845
124
3970
126
4097
128
4226
130
4357
132
4490
134
4625
136
4762
138
4901
140
5042
142
5185
144
5330
146
5477
148
5626
150
5777
152
5930
154
6085
156
6242
158
6401
160
6562
162
6725
164
6890
166
7057
168
7226
170
7397
172
7570
174
7745
176
7922
178
8101
180
8282
182
8465
184
8650
186
8837
188
9026
190
9217
192
9410
194
9605
196
9802
198
10001
200
10202
202
10405
204
10610
206
10817
208
11026
210
11237
212
11450
214
11665
216
11882
218
12101
220
12322
222
12545
224
12770
226
12997
228
13226
230
13457
232
13690
234
13925
236
14162
238
14401
240
14642
242
14885
244
15130
246
15377
248
15626
250
15877
252
16130
254
16385
256
16642
258
16901
260
17162
262
17425
264
17690
266
17957
268
18226
270
18497
272
18770
274
19045
276
19322
278
19601
280
19882
282
20165
284
20450
286
20737
288
21026
290
21317
292
21610
294
21905
296
22202
298
22501
300
22802
302
23105
304
23410
306
23717
308
24026
310
24337
312
24650
314
24965
316
25282
318
25601
320
25922
322
26245
324
26570
326
26897
328
27226
330
27557
332
27890
334
28225
336
28562
338
28901
340
29242
342
29585
344
29930
346
30277
348
30626
350
30977
352
31330
354
31685
356
32042
358
32401
360
32762
362
33125
364
33490
366
33857
368
34226
370
34597
372
34970
374
35345
376
35722
378
36101
380
36482
382
36865
384
37250
386
37637
388
38026
390
38417
392
38810
394
39205
396
39602
398
40001
400
40402
402
40805
404
41210
406
41617
408
42026
410
42437
412
42850
414
43265
416
43682
418
44101
420
44522
422
44945
424
45370
426
45797
428
46226
430
46657
432
47090
434
47525
436
47962
438
48401
440
48842
442
49285
444
49730
446
50177
448
50626
450
51077
452
51530
454
51985
456
52442
458
52901
460
53362
462
53825
464
54290
466
54757
468
55226
470
55697
472
56170
474
56645
476
57122
478
57601
480
58082
482
58565
484
59050
486
59537
488
60026
490
60517
492
61010
494
61505
496
62002
498
62501
500
63002
502
63505
504
64010
506
64517
508
65026
510
65537
512
66050
514
66565
516
67082
518
67601
520
68122
522
68645
524
69170
526
69697
528
70226
530
70757
532
71290
534
71825
536
72362
538
72901
540
73442
542
73985
544
74530
546
75077
548
75626
550
76177
552
76730
554
77285
556
77842
558
78401
560
78962
562
79525
564
80090
566
80657
568
81226
570
81797
572
82370
574
82945
576
83522
578
84101
580
84682
582
85265
584
85850
586
86437
588
87026
590
87617
592
88210
594
88805
596
89402
598
90001
600
90602
602
91205
604
91810
606
92417
608
93026
610
93637
612
94250
614
94865
616
95482
618
96101
620
96722
622
97345
624
97970
626
98597
628
99226
630
99857
632
100490
634
101125
636
101762
638
102401
640
103042
642
103685
644
104330
646
104977
648
105626
650
106277
652
106930
654
107585
656
108242
658
108901
660
109562
662
110225
664
110890
666
111557
668
112226
670
112897
672
113570
674
114245
676
114922
678
115601
680
116282
682
116965
684
117650
686
118337
688
119026
690
119717
692
120410
694
121105
696
121802
698
122501
700
123202
702
123905
704
124610
706
125317
708
126026
710
126737
712
127450
714
128165
716
128882
718
129601
720
130322
722
131045
724
131770
726
132497
728
133226
730
133957
732
134690
734
135425
736
136162
738
136901
740
137642
742
138385
744
139130
746
139877
748
140626
750
141377
752
142130
754
142885
756
143642
758
144401
760
145162
762
145925
764
146690
766
147457
768
148226
770
148997
772
149770
774
150545
776
151322
778
152101
780
152882
782
153665
784
154450
786
155237
788
156026
790
156817
792
157610
794
158405
796
159202
798
160001
800
160802
802
161605
804
162410
806
163217
808
164026
810
164837
812
165650
814
166465
816
167282
818
168101
820
168922
822
169745
824
170570
826
171397
828
172226
830
173057
832
173890
834
174725
836
175562
838
176401
840
177242
842
178085
844
178930
846
179777
848
180626
850
181477
852
182330
854
183185
856
184042
858
184901
860
185762
862
186625
864
187490
866
188357
868
189226
870
190097
872
190970
874
191845
876
192722
878
193601
880
194482
882
195365
884
196250
886
197137
888
198026
890
198917
892
199810
894
200705
896
201602
898
202501
900
203402
902
204305
904
205210
906
206117
908
207026
910
207937
912
208850
914
209765
916
210682
918
211601
920
212522
922
213445
924
214370
926
215297
928
216226
930
217157
932
218090
934
219025
936
219962
938
220901
940
221842
942
222785
944
223730
946
224677
948
225626
950
226577
952
227530
954
228485
956
229442
958
230401
960
231362
962
232325
964
233290
966
234257
968
235226
970
236197
972
237170
974
238145
976
239122
978
240101
980
241082
982
242065
984
243050
986
244037
988
245026
990
246017
992
247010
994
248005
996
249002
998
250001
1000
